TABLE NO.  1
 ID          TIME        TYPE        CMT         CL          V           KE0         CE          CP          CONC        EFF         DV          PRED        RES         WRES
  1.0000E+00  0.0000E+00  1.0000E+00  1.0000E+00  1.0000E-01  1.0000E+00  1.0000E-01  0.0000E+00  1.0000E+00  1.0000E+00  5.1931E+01  0.0000E+00  5.0000E+01  0.0000E+00  0.0000E+00
  1.0000E+00  0.0000E+00  2.0000E+00  2.0000E+00  1.0000E-01  1.0000E+00  1.0000E-01  0.0000E+00  1.0000E+00  0.0000E+00 -1.3585E+00 -2.7169E+00  0.0000E+00 -2.7169E+00  0.0000E+00
  1.0000E+00  1.0000E+00  1.0000E+00  1.0000E+00  1.0000E-01  1.0000E+00  1.0000E-01  9.0483E-02  9.0483E-01  9.0483E-01  4.7337E+01  4.7337E+01  4.7502E+01 -1.6444E-01  0.0000E+00
  1.0000E+00  1.0000E+00  2.0000E+00  2.0000E+00  1.0000E-01  1.0000E+00  1.0000E-01  9.0483E-02  9.0483E-01  9.0483E-02  8.8776E+00  1.7665E+01  1.6505E+01  1.1601E+00  0.0000E+00
  1.0000E+00  2.0000E+00  1.0000E+00  1.0000E+00  1.0000E-01  1.0000E+00  1.0000E-01  1.6374E-01  8.1872E-01  8.1872E-01  4.5411E+01  4.5411E+01  4.5016E+01  3.9461E-01  0.0000E+00
  1.0000E+00  2.0000E+00  2.0000E+00  2.0000E+00  1.0000E-01  1.0000E+00  1.0000E-01  1.6374E-01  8.1872E-01  1.6374E-01  1.4755E+01  2.9346E+01  2.7977E+01  1.3692E+00  0.0000E+00
  1.0000E+00  3.0000E+00  1.0000E+00  1.0000E+00  1.0000E-01  1.0000E+00  1.0000E-01  2.2224E-01  7.4080E-01  7.4080E-01  4.0894E+01  4.0894E+01  4.2555E+01 -1.6615E+00  0.0000E+00
  1.0000E+00  3.0000E+00  2.0000E+00  2.0000E+00  1.0000E-01  1.0000E+00  1.0000E-01  2.2224E-01  7.4080E-01  2.2224E-01  1.9042E+01  3.7862E+01  3.6144E+01  1.7176E+00  0.0000E+00
  1.0000E+00  4.0000E+00  1.0000E+00  1.0000E+00  1.0000E-01  1.0000E+00  1.0000E-01  2.6812E-01  6.7030E-01  6.7030E-01  4.0256E+01  4.0256E+01  4.0130E+01  1.2581E-01  0.0000E+00
  1.0000E+00  4.0000E+00  2.0000E+00  2.0000E+00  1.0000E-01  1.0000E+00  1.0000E-01  2.6812E-01  6.7030E-01  2.6812E-01  2.3041E+01  4.5814E+01  4.2019E+01  3.7954E+00  0.0000E+00
  1.0000E+00  5.0000E+00  1.0000E+00  1.0000E+00  1.0000E-01  1.0000E+00  1.0000E-01  3.0326E-01  6.0651E-01  6.0651E-01  3.7584E+01  3.7584E+01  3.7753E+01 -1.6909E-01  0.0000E+00
  1.0000E+00  5.0000E+00  2.0000E+00  2.0000E+00  1.0000E-01  1.0000E+00  1.0000E-01  3.0326E-01  6.0651E-01  3.0326E-01  2.3102E+01  4.5901E+01  4.6235E+01 -3.3439E-01  0.0000E+00
  1.0000E+00  6.0000E+00  1.0000E+00  1.0000E+00  1.0000E-01  1.0000E+00  1.0000E-01  3.2928E-01  5.4879E-01  5.4879E-01  3.6397E+01  3.6397E+01  3.5433E+01  9.6374E-01  0.0000E+00
  1.0000E+00  6.0000E+00  2.0000E+00  2.0000E+00  1.0000E-01  1.0000E+00  1.0000E-01  3.2928E-01  5.4879E-01  3.2928E-01  2.5676E+01  5.1023E+01  4.9213E+01  1.8100E+00  0.0000E+00
  1.0000E+00  7.0000E+00  1.0000E+00  1.0000E+00  1.0000E-01  1.0000E+00  1.0000E-01  3.4760E-01  4.9656E-01  4.9656E-01  3.2675E+01  3.2675E+01  3.3180E+01 -5.0508E-01  0.0000E+00
  1.0000E+00  7.0000E+00  2.0000E+00  2.0000E+00  1.0000E-01  1.0000E+00  1.0000E-01  3.4760E-01  4.9656E-01  3.4760E-01  2.4457E+01  4.8566E+01  5.1240E+01 -2.6743E+00  0.0000E+00
  1.0000E+00  8.0000E+00  1.0000E+00  1.0000E+00  1.0000E-01  1.0000E+00  1.0000E-01  3.5945E-01  4.4931E-01  4.4931E-01  3.1079E+01  3.1079E+01  3.1002E+01  7.7349E-02  0.0000E+00
  1.0000E+00  8.0000E+00  2.0000E+00  2.0000E+00  1.0000E-01  1.0000E+00  1.0000E-01  3.5945E-01  4.4931E-01  3.5945E-01  2.7839E+01  5.5318E+01  5.2523E+01  2.7951E+00  0.0000E+00
  1.0000E+00  9.0000E+00  1.0000E+00  1.0000E+00  1.0000E-01  1.0000E+00  1.0000E-01  3.6590E-01  4.0655E-01  4.0655E-01  3.0062E+01  3.0062E+01  2.8904E+01  1.1580E+00  0.0000E+00
  1.0000E+00  9.0000E+00  2.0000E+00  2.0000E+00  1.0000E-01  1.0000E+00  1.0000E-01  3.6590E-01  4.0655E-01  3.6590E-01  2.5506E+01  5.0646E+01  5.3211E+01 -2.5645E+00  0.0000E+00
  1.0000E+00  1.0000E+01  1.0000E+00  1.0000E+00  1.0000E-01  1.0000E+00  1.0000E-01  3.6787E-01  3.6786E-01  3.6786E-01  2.7596E+01  2.7596E+01  2.6893E+01  7.0333E-01  0.0000E+00
  1.0000E+00  1.0000E+01  2.0000E+00  2.0000E+00  1.0000E-01  1.0000E+00  1.0000E-01  3.6787E-01  3.6786E-01  3.6787E-01  2.6867E+01  5.3365E+01  5.3419E+01 -5.3795E-02  0.0000E+00
  1.0000E+00  1.1000E+01  1.0000E+00  1.0000E+00  1.0000E-01  1.0000E+00  1.0000E-01  3.6615E-01  3.3285E-01  3.3285E-01  2.6210E+01  2.6210E+01  2.4973E+01  1.2370E+00  0.0000E+00
  1.0000E+00  1.1000E+01  2.0000E+00  2.0000E+00  1.0000E-01  1.0000E+00  1.0000E-01  3.6615E-01  3.3285E-01  3.6615E-01  2.6258E+01  5.2150E+01  5.3237E+01 -1.0861E+00  0.0000E+00
  1.0000E+00  1.2000E+01  1.0000E+00  1.0000E+00  1.0000E-01  1.0000E+00  1.0000E-01  3.6142E-01  3.0118E-01  3.0118E-01  2.2035E+01  2.2035E+01  2.3147E+01 -1.1120E+00  0.0000E+00
  1.0000E+00  1.2000E+01  2.0000E+00  2.0000E+00  1.0000E-01  1.0000E+00  1.0000E-01  3.6142E-01  3.0118E-01  3.6142E-01  2.6027E+01  5.1692E+01  5.2733E+01 -1.0415E+00  0.0000E+00
  1.0000E+00  1.3000E+01  1.0000E+00  1.0000E+00  1.0000E-01  1.0000E+00  1.0000E-01  3.5428E-01  2.7252E-01  2.7252E-01  2.2636E+01  2.2636E+01  2.1416E+01  1.2201E+00  0.0000E+00
  1.0000E+00  1.3000E+01  2.0000E+00  2.0000E+00  1.0000E-01  1.0000E+00  1.0000E-01  3.5428E-01  2.7252E-01  3.5428E-01  2.6561E+01  5.2768E+01  5.1966E+01  8.0228E-01  0.0000E+00
  1.0000E+00  1.4000E+01  1.0000E+00  1.0000E+00  1.0000E-01  1.0000E+00  1.0000E-01  3.4522E-01  2.4659E-01  2.4659E-01  2.0115E+01  2.0115E+01  1.9781E+01  3.3439E-01  0.0000E+00
  1.0000E+00  1.4000E+01  2.0000E+00  2.0000E+00  1.0000E-01  1.0000E+00  1.0000E-01  3.4522E-01  2.4659E-01  3.4522E-01  2.6054E+01  5.1763E+01  5.0981E+01  7.8218E-01  0.0000E+00
  1.0000E+00  1.5000E+01  1.0000E+00  1.0000E+00  1.0000E-01  1.0000E+00  1.0000E-01  3.3468E-01  2.2312E-01  2.2312E-01  1.7960E+01  1.7960E+01  1.8242E+01 -2.8209E-01  0.0000E+00
  1.0000E+00  1.5000E+01  2.0000E+00  2.0000E+00  1.0000E-01  1.0000E+00  1.0000E-01  3.3468E-01  2.2312E-01  3.3468E-01  2.5396E+01  5.0457E+01  4.9817E+01  6.4003E-01  0.0000E+00
  1.0000E+00  1.6000E+01  1.0000E+00  1.0000E+00  1.0000E-01  1.0000E+00  1.0000E-01  3.2302E-01  2.0189E-01  2.0189E-01  1.6544E+01  1.6544E+01  1.6798E+01 -2.5359E-01  0.0000E+00
  1.0000E+00  1.6000E+01  2.0000E+00  2.0000E+00  1.0000E-01  1.0000E+00  1.0000E-01  3.2302E-01  2.0189E-01  3.2302E-01  2.2582E+01  4.4842E+01  4.8508E+01 -3.6663E+00  0.0000E+00
  1.0000E+00  1.7000E+01  1.0000E+00  1.0000E+00  1.0000E-01  1.0000E+00  1.0000E-01  3.1055E-01  1.8268E-01  1.8268E-01  1.4165E+01  1.4165E+01  1.5446E+01 -1.2812E+00  0.0000E+00
  1.0000E+00  1.7000E+01  2.0000E+00  2.0000E+00  1.0000E-01  1.0000E+00  1.0000E-01  3.1055E-01  1.8268E-01  3.1055E-01  2.5030E+01  4.9749E+01  4.7082E+01  2.6672E+00  0.0000E+00
  1.0000E+00  1.8000E+01  1.0000E+00  1.0000E+00  1.0000E-01  1.0000E+00  1.0000E-01  2.9753E-01  1.6530E-01  1.6530E-01  1.3352E+01  1.3352E+01  1.4185E+01 -8.3295E-01  0.0000E+00
  1.0000E+00  1.8000E+01  2.0000E+00  2.0000E+00  1.0000E-01  1.0000E+00  1.0000E-01  2.9753E-01  1.6530E-01  2.9753E-01  2.3780E+01  4.7263E+01  4.5563E+01  1.7001E+00  0.0000E+00
  1.0000E+00  1.9000E+01  1.0000E+00  1.0000E+00  1.0000E-01  1.0000E+00  1.0000E-01  2.8417E-01  1.4957E-01  1.4957E-01  1.3850E+01  1.3850E+01  1.3011E+01  8.3962E-01  0.0000E+00
  1.0000E+00  1.9000E+01  2.0000E+00  2.0000E+00  1.0000E-01  1.0000E+00  1.0000E-01  2.8417E-01  1.4957E-01  2.8417E-01  2.3982E+01  4.7680E+01  4.3973E+01  3.7069E+00  0.0000E+00
  1.0000E+00  2.0000E+01  1.0000E+00  1.0000E+00  1.0000E-01  1.0000E+00  1.0000E-01  2.7066E-01  1.3534E-01  1.3534E-01  1.1815E+01  1.1815E+01  1.1920E+01 -1.0493E-01  0.0000E+00
  1.0000E+00  2.0000E+01  2.0000E+00  2.0000E+00  1.0000E-01  1.0000E+00  1.0000E-01  2.7066E-01  1.3534E-01  2.7066E-01  2.0507E+01  4.0744E+01  4.2331E+01 -1.5869E+00  0.0000E+00
  1.0000E+00  2.1000E+01  1.0000E+00  1.0000E+00  1.0000E-01  1.0000E+00  1.0000E-01  2.5715E-01  1.2246E-01  1.2246E-01  1.1245E+01  1.1245E+01  1.0910E+01  3.3520E-01  0.0000E+00
  1.0000E+00  2.1000E+01  2.0000E+00  2.0000E+00  1.0000E-01  1.0000E+00  1.0000E-01  2.5715E-01  1.2246E-01  2.5715E-01  1.9462E+01  3.8668E+01  4.0653E+01 -1.9854E+00  0.0000E+00
  1.0000E+00  2.2000E+01  1.0000E+00  1.0000E+00  1.0000E-01  1.0000E+00  1.0000E-01  2.4376E-01  1.1081E-01  1.1081E-01  1.1502E+01  1.1502E+01  9.9752E+00  1.5272E+00  0.0000E+00
  1.0000E+00  2.2000E+01  2.0000E+00  2.0000E+00  1.0000E-01  1.0000E+00  1.0000E-01  2.4376E-01  1.1081E-01  2.4376E-01  1.9249E+01  3.8255E+01  3.8953E+01 -6.9862E-01  0.0000E+00
  1.0000E+00  2.3000E+01  1.0000E+00  1.0000E+00  1.0000E-01  1.0000E+00  1.0000E-01  2.3059E-01  1.0026E-01  1.0026E-01  9.1163E+00  9.1163E+00  9.1126E+00  3.7093E-03  0.0000E+00
  1.0000E+00  2.3000E+01  2.0000E+00  2.0000E+00  1.0000E-01  1.0000E+00  1.0000E-01  2.3059E-01  1.0026E-01  2.3059E-01  1.8602E+01  3.6973E+01  3.7246E+01 -2.7232E-01  0.0000E+00
  1.0000E+00  2.4000E+01  1.0000E+00  1.0000E+00  1.0000E-01  1.0000E+00  1.0000E-01  2.1772E-01  9.0722E-02  9.0722E-02  8.1588E+00  8.1588E+00  8.3176E+00 -1.5884E-01  0.0000E+00
  1.0000E+00  2.4000E+01  2.0000E+00  2.0000E+00  1.0000E-01  1.0000E+00  1.0000E-01  2.1772E-01  9.0722E-02  2.1772E-01  1.9184E+01  3.8150E+01  3.5541E+01  2.6090E+00  0.0000E+00
  2.0000E+00  0.0000E+00  1.0000E+00  1.0000E+00  1.0000E-01  1.0000E+00  1.0000E-01  0.0000E+00  1.0000E+00  1.0000E+00  4.8450E+01  0.0000E+00  5.0000E+01  0.0000E+00  0.0000E+00
  2.0000E+00  0.0000E+00  2.0000E+00  2.0000E+00  1.0000E-01  1.0000E+00  1.0000E-01  0.0000E+00  1.0000E+00  0.0000E+00  1.9371E-01  3.8742E-01  0.0000E+00  3.8742E-01  0.0000E+00
  2.0000E+00  1.0000E+00  1.0000E+00  1.0000E+00  1.0000E-01  1.0000E+00  1.0000E-01  9.0483E-02  9.0483E-01  9.0483E-01  4.7235E+01  4.7235E+01  4.7502E+01 -2.6693E-01  0.0000E+00
  2.0000E+00  1.0000E+00  2.0000E+00  2.0000E+00  1.0000E-01  1.0000E+00  1.0000E-01  9.0483E-02  9.0483E-01  9.0483E-02  6.6583E+00  1.3226E+01  1.6505E+01 -3.2785E+00  0.0000E+00
  2.0000E+00  2.0000E+00  1.0000E+00  1.0000E+00  1.0000E-01  1.0000E+00  1.0000E-01  1.6374E-01  8.1872E-01  8.1872E-01  4.5591E+01  4.5591E+01  4.5016E+01  5.7470E-01  0.0000E+00
  2.0000E+00  2.0000E+00  2.0000E+00  2.0000E+00  1.0000E-01  1.0000E+00  1.0000E-01  1.6374E-01  8.1872E-01  1.6374E-01  1.4705E+01  2.9246E+01  2.7977E+01  1.2684E+00  0.0000E+00
  2.0000E+00  3.0000E+00  1.0000E+00  1.0000E+00  1.0000E-01  1.0000E+00  1.0000E-01  2.2224E-01  7.4080E-01  7.4080E-01  4.3304E+01  4.3304E+01  4.2555E+01  7.4852E-01  0.0000E+00
  2.0000E+00  3.0000E+00  2.0000E+00  2.0000E+00  1.0000E-01  1.0000E+00  1.0000E-01  2.2224E-01  7.4080E-01  2.2224E-01  1.6617E+01  3.3012E+01  3.6144E+01 -3.1318E+00  0.0000E+00
  2.0000E+00  4.0000E+00  1.0000E+00  1.0000E+00  1.0000E-01  1.0000E+00  1.0000E-01  2.6812E-01  6.7030E-01  6.7030E-01  4.1809E+01  4.1809E+01  4.0130E+01  1.6785E+00  0.0000E+00
  2.0000E+00  4.0000E+00  2.0000E+00  2.0000E+00  1.0000E-01  1.0000E+00  1.0000E-01  2.6812E-01  6.7030E-01  2.6812E-01  1.9687E+01  3.9106E+01  4.2019E+01 -2.9120E+00  0.0000E+00
  2.0000E+00  5.0000E+00  1.0000E+00  1.0000E+00  1.0000E-01  1.0000E+00  1.0000E-01  3.0326E-01  6.0651E-01  6.0651E-01  3.9262E+01  3.9262E+01  3.7753E+01  1.5087E+00  0.0000E+00
  2.0000E+00  5.0000E+00  2.0000E+00  2.0000E+00  1.0000E-01  1.0000E+00  1.0000E-01  3.0326E-01  6.0651E-01  3.0326E-01  2.0733E+01  4.1163E+01  4.6235E+01 -5.0720E+00  0.0000E+00
  2.0000E+00  6.0000E+00  1.0000E+00  1.0000E+00  1.0000E-01  1.0000E+00  1.0000E-01  3.2928E-01  5.4879E-01  5.4879E-01  3.3222E+01  3.3222E+01  3.5433E+01 -2.2111E+00  0.0000E+00
  2.0000E+00  6.0000E+00  2.0000E+00  2.0000E+00  1.0000E-01  1.0000E+00  1.0000E-01  3.2928E-01  5.4879E-01  3.2928E-01  2.5232E+01  5.0135E+01  4.9213E+01  9.2217E-01  0.0000E+00
  2.0000E+00  7.0000E+00  1.0000E+00  1.0000E+00  1.0000E-01  1.0000E+00  1.0000E-01  3.4760E-01  4.9656E-01  4.9656E-01  3.1765E+01  3.1765E+01  3.3180E+01 -1.4149E+00  0.0000E+00
  2.0000E+00  7.0000E+00  2.0000E+00  2.0000E+00  1.0000E-01  1.0000E+00  1.0000E-01  3.4760E-01  4.9656E-01  3.4760E-01  2.5665E+01  5.0983E+01  5.1240E+01 -2.5765E-01  0.0000E+00
  2.0000E+00  8.0000E+00  1.0000E+00  1.0000E+00  1.0000E-01  1.0000E+00  1.0000E-01  3.5945E-01  4.4931E-01  4.4931E-01  3.2970E+01  3.2970E+01  3.1002E+01  1.9683E+00  0.0000E+00
  2.0000E+00  8.0000E+00  2.0000E+00  2.0000E+00  1.0000E-01  1.0000E+00  1.0000E-01  3.5945E-01  4.4931E-01  3.5945E-01  2.7788E+01  5.5217E+01  5.2523E+01  2.6947E+00  0.0000E+00
  2.0000E+00  9.0000E+00  1.0000E+00  1.0000E+00  1.0000E-01  1.0000E+00  1.0000E-01  3.6590E-01  4.0655E-01  4.0655E-01  2.8273E+01  2.8273E+01  2.8904E+01 -6.3081E-01  0.0000E+00
  2.0000E+00  9.0000E+00  2.0000E+00  2.0000E+00  1.0000E-01  1.0000E+00  1.0000E-01  3.6590E-01  4.0655E-01  3.6590E-01  2.7998E+01  5.5629E+01  5.3211E+01  2.4186E+00  0.0000E+00
  2.0000E+00  1.0000E+01  1.0000E+00  1.0000E+00  1.0000E-01  1.0000E+00  1.0000E-01  3.6787E-01  3.6786E-01  3.6786E-01  2.7222E+01  2.7222E+01  2.6893E+01  3.2837E-01  0.0000E+00
  2.0000E+00  1.0000E+01  2.0000E+00  2.0000E+00  1.0000E-01  1.0000E+00  1.0000E-01  3.6787E-01  3.6786E-01  3.6787E-01  2.6765E+01  5.3162E+01  5.3419E+01 -2.5729E-01  0.0000E+00
  2.0000E+00  1.1000E+01  1.0000E+00  1.0000E+00  1.0000E-01  1.0000E+00  1.0000E-01  3.6615E-01  3.3285E-01  3.3285E-01  2.5769E+01  2.5769E+01  2.4973E+01  7.9578E-01  0.0000E+00
  2.0000E+00  1.1000E+01  2.0000E+00  2.0000E+00  1.0000E-01  1.0000E+00  1.0000E-01  3.6615E-01  3.3285E-01  3.6615E-01  2.7888E+01  5.5409E+01  5.3237E+01  2.1728E+00  0.0000E+00
  2.0000E+00  1.2000E+01  1.0000E+00  1.0000E+00  1.0000E-01  1.0000E+00  1.0000E-01  3.6142E-01  3.0118E-01  3.0118E-01  2.4548E+01  2.4548E+01  2.3147E+01  1.4016E+00  0.0000E+00
  2.0000E+00  1.2000E+01  2.0000E+00  2.0000E+00  1.0000E-01  1.0000E+00  1.0000E-01  3.6142E-01  3.0118E-01  3.6142E-01  2.6806E+01  5.3251E+01  5.2733E+01  5.1812E-01  0.0000E+00
  2.0000E+00  1.3000E+01  1.0000E+00  1.0000E+00  1.0000E-01  1.0000E+00  1.0000E-01  3.5428E-01  2.7252E-01  2.7252E-01  2.2908E+01  2.2908E+01  2.1416E+01  1.4918E+00  0.0000E+00
  2.0000E+00  1.3000E+01  2.0000E+00  2.0000E+00  1.0000E-01  1.0000E+00  1.0000E-01  3.5428E-01  2.7252E-01  3.5428E-01  2.6740E+01  5.3126E+01  5.1966E+01  1.1601E+00  0.0000E+00
  2.0000E+00  1.4000E+01  1.0000E+00  1.0000E+00  1.0000E-01  1.0000E+00  1.0000E-01  3.4522E-01  2.4659E-01  2.4659E-01  2.0320E+01  2.0320E+01  1.9781E+01  5.3943E-01  0.0000E+00
  2.0000E+00  1.4000E+01  2.0000E+00  2.0000E+00  1.0000E-01  1.0000E+00  1.0000E-01  3.4522E-01  2.4659E-01  3.4522E-01  2.4944E+01  4.9542E+01  5.0981E+01 -1.4383E+00  0.0000E+00
  2.0000E+00  1.5000E+01  1.0000E+00  1.0000E+00  1.0000E-01  1.0000E+00  1.0000E-01  3.3468E-01  2.2312E-01  2.2312E-01  1.6386E+01  1.6386E+01  1.8242E+01 -1.8557E+00  0.0000E+00
  2.0000E+00  1.5000E+01  2.0000E+00  2.0000E+00  1.0000E-01  1.0000E+00  1.0000E-01  3.3468E-01  2.2312E-01  3.3468E-01  2.7288E+01  5.4242E+01  4.9817E+01  4.4251E+00  0.0000E+00
  2.0000E+00  1.6000E+01  1.0000E+00  1.0000E+00  1.0000E-01  1.0000E+00  1.0000E-01  3.2302E-01  2.0189E-01  2.0189E-01  1.6273E+01  1.6273E+01  1.6798E+01 -5.2458E-01  0.0000E+00
  2.0000E+00  1.6000E+01  2.0000E+00  2.0000E+00  1.0000E-01  1.0000E+00  1.0000E-01  3.2302E-01  2.0189E-01  3.2302E-01  2.4112E+01  4.7900E+01  4.8508E+01 -6.0792E-01  0.0000E+00
  2.0000E+00  1.7000E+01  1.0000E+00  1.0000E+00  1.0000E-01  1.0000E+00  1.0000E-01  3.1055E-01  1.8268E-01  1.8268E-01  1.3085E+01  1.3085E+01  1.5446E+01 -2.3615E+00  0.0000E+00
  2.0000E+00  1.7000E+01  2.0000E+00  2.0000E+00  1.0000E-01  1.0000E+00  1.0000E-01  3.1055E-01  1.8268E-01  3.1055E-01  2.2667E+01  4.5023E+01  4.7082E+01 -2.0589E+00  0.0000E+00
  2.0000E+00  1.8000E+01  1.0000E+00  1.0000E+00  1.0000E-01  1.0000E+00  1.0000E-01  2.9753E-01  1.6530E-01  1.6530E-01  1.3700E+01  1.3700E+01  1.4185E+01 -4.8444E-01  0.0000E+00
  2.0000E+00  1.8000E+01  2.0000E+00  2.0000E+00  1.0000E-01  1.0000E+00  1.0000E-01  2.9753E-01  1.6530E-01  2.9753E-01  2.4099E+01  4.7901E+01  4.5563E+01  2.3375E+00  0.0000E+00
  2.0000E+00  1.9000E+01  1.0000E+00  1.0000E+00  1.0000E-01  1.0000E+00  1.0000E-01  2.8417E-01  1.4957E-01  1.4957E-01  1.2756E+01  1.2756E+01  1.3011E+01 -2.5437E-01  0.0000E+00
  2.0000E+00  1.9000E+01  2.0000E+00  2.0000E+00  1.0000E-01  1.0000E+00  1.0000E-01  2.8417E-01  1.4957E-01  2.8417E-01  2.2402E+01  4.4519E+01  4.3973E+01  5.4560E-01  0.0000E+00
  2.0000E+00  2.0000E+01  1.0000E+00  1.0000E+00  1.0000E-01  1.0000E+00  1.0000E-01  2.7066E-01  1.3534E-01  1.3534E-01  1.2573E+01  1.2573E+01  1.1920E+01  6.5281E-01  0.0000E+00
  2.0000E+00  2.0000E+01  2.0000E+00  2.0000E+00  1.0000E-01  1.0000E+00  1.0000E-01  2.7066E-01  1.3534E-01  2.7066E-01  2.1023E+01  4.1775E+01  4.2331E+01 -5.5562E-01  0.0000E+00
  2.0000E+00  2.1000E+01  1.0000E+00  1.0000E+00  1.0000E-01  1.0000E+00  1.0000E-01  2.5715E-01  1.2246E-01  1.2246E-01  1.1388E+01  1.1388E+01  1.0910E+01  4.7848E-01  0.0000E+00
  2.0000E+00  2.1000E+01  2.0000E+00  2.0000E+00  1.0000E-01  1.0000E+00  1.0000E-01  2.5715E-01  1.2246E-01  2.5715E-01  2.0012E+01  3.9767E+01  4.0653E+01 -8.8612E-01  0.0000E+00
  2.0000E+00  2.2000E+01  1.0000E+00  1.0000E+00  1.0000E-01  1.0000E+00  1.0000E-01  2.4376E-01  1.1081E-01  1.1081E-01  9.5179E+00  9.5179E+00  9.9752E+00 -4.5730E-01  0.0000E+00
  2.0000E+00  2.2000E+01  2.0000E+00  2.0000E+00  1.0000E-01  1.0000E+00  1.0000E-01  2.4376E-01  1.1081E-01  2.4376E-01  2.0813E+01  4.1382E+01  3.8953E+01  2.4282E+00  0.0000E+00
  2.0000E+00  2.3000E+01  1.0000E+00  1.0000E+00  1.0000E-01  1.0000E+00  1.0000E-01  2.3059E-01  1.0026E-01  1.0026E-01  1.0253E+01  1.0253E+01  9.1126E+00  1.1400E+00  0.0000E+00
  2.0000E+00  2.3000E+01  2.0000E+00  2.0000E+00  1.0000E-01  1.0000E+00  1.0000E-01  2.3059E-01  1.0026E-01  2.3059E-01  1.6594E+01  3.2958E+01  3.7246E+01 -4.2879E+00  0.0000E+00
  2.0000E+00  2.4000E+01  1.0000E+00  1.0000E+00  1.0000E-01  1.0000E+00  1.0000E-01  2.1772E-01  9.0722E-02  9.0722E-02  8.4635E+00  8.4635E+00  8.3176E+00  1.4584E-01  0.0000E+00
  2.0000E+00  2.4000E+01  2.0000E+00  2.0000E+00  1.0000E-01  1.0000E+00  1.0000E-01  2.1772E-01  9.0722E-02  2.1772E-01  1.7442E+01  3.4665E+01  3.5541E+01 -8.7527E-01  0.0000E+00
